0.43054723739624023 1.2192 0.0 0.0
0.9310142993927002 1.2192 0.0 0.0
1.4330015182495117 1.2192 0.0 0.0
1.9329092502593994 1.2192 0.0 0.0
2.435326099395752 1.2192 0.0 0.0
2.935323715209961 1.2192 0.0 0.0
3.435755729675293 1.2192 0.0 0.0
3.9387121200561523 1.2192 0.0 0.0
4.440051317214966 1.2192 0.0 0.0
4.93974232673645 1.2192 0.0 0.0
5.4405107498168945 1.2192 0.0 0.0
5.94212794303894 1.2192 0.0 0.0
6.444299221038818 1.2192 0.0 0.0
6.944896459579468 1.2192 0.0 0.0
7.445410251617432 1.2192 0.0 0.0
7.946398735046387 1.2192 0.0 0.0
8.449490070343018 1.2192 0.0 0.0
8.948172330856323 1.2192 0.0 0.0
9.450373888015747 1.2192 0.0 0.0
9.953346490859985 1.2192 0.0 0.0
10.453695058822632 1.2192 0.0 0.0
10.955953359603882 1.2192 0.0 0.0
11.456559896469116 1.2192 0.0 0.0
11.958280324935913 1.2192 0.0 0.0
12.45833420753479 1.2192 0.0 0.0
12.961835145950317 1.2192 0.0 0.0
13.460731267929077 1.2192 0.0 0.0
13.96191143989563 1.2192 0.0 0.0
14.463756799697876 1.2192 0.0 0.0
14.964895009994507 1.2192 0.0 0.0
15.464824676513672 1.2192 0.0 0.0
15.966654539108276 1.2192 0.0 0.0
16.467963933944702 1.2192 0.0 0.0
16.969650745391846 1.2192 0.0 0.0
17.46987557411194 1.2192 0.0 0.0
17.97163701057434 1.2192 0.0 0.0
18.471800804138184 1.2192 0.0 0.0
18.973337650299072 1.2192 0.0 0.0
19.474169969558716 1.2192 0.0 0.0
19.97545099258423 1.2192 0.0 0.0
20.477657318115234 1.2192 0.0 -1.51844
20.978347301483154 1.2192 0.0 -1.51844
21.480863332748413 1.2192 0.0 -1.51844
21.98085880279541 1.2192 0.0 -1.51844
22.481695890426636 1.2192 0.0 -1.51844
22.98214101791382 1.2192 0.0 -1.51844
23.4834566116333 1.2192 0.0 -1.51844
23.985097885131836 1.2192 0.0 -1.51844
24.48705768585205 1.2192 0.0 -1.51844
24.98801016807556 1.2192 0.0 -1.51844
25.488717794418335 1.2192 0.0 -1.51844
25.99033212661743 1.2192 0.0 -1.51844
26.491475105285645 1.2192 0.0 -1.51844
26.99405026435852 1.2192 0.0 -1.51844
27.494688272476196 1.2192 0.0 -1.51844
27.99535059928894 1.2192 0.0 -1.51844
28.496315002441406 1.2192 0.0 -1.51844
28.99827742576599 1.2192 0.0 -1.51844
29.499675989151 1.2192 0.0 -1.51844
30.001962184906006 1.2192 0.0 -1.51844
30.501699924468994 1.2192 0.0 -1.51844
31.00305676460266 1.2192 0.0 -1.51844
31.505078077316284 1.2192 0.0 -1.51844
32.005887031555176 1.2192 0.0 -1.51844
32.50896763801575 1.2192 0.0 -1.51844
33.009077310562134 1.2192 0.0 -1.51844
33.510287046432495 1.2192 0.0 -1.51844
34.00995469093323 1.2192 0.0 -1.51844
34.51140022277832 1.2192 0.0 -1.51844
35.01320219039917 1.2192 0.0 -1.51844
35.51488447189331 1.2192 0.0 -1.51844
36.01530075073242 1.2192 0.0 -1.51844
36.5160858631134 1.2192 0.0 -1.51844
37.01960778236389 1.2192 0.0 -1.51844
37.51987409591675 1.2192 0.0 -1.51844
38.01964569091797 1.2192 0.0 -1.51844
38.521936655044556 1.2192 0.0 -1.51844
39.022830963134766 1.2192 0.0 -1.51844
39.52415728569031 1.2192 0.0 -1.51844
40.02574324607849 1.2192 0.0 -1.51844
40.52661085128784 1.2192 0.0 -1.51844
41.02930951118469 1.2192 0.0 -1.51844
41.53073811531067 1.2192 0.0 -1.51844
42.030667781829834 1.2192 0.0 -1.51844
42.53181266784668 1.2192 0.0 -1.51844
43.03205609321594 1.2192 0.0 -1.51844
43.53424954414368 1.2192 0.0 -1.51844
44.03449583053589 1.2192 0.0 -1.51844
44.53628087043762 1.2192 0.0 -1.51844
45.03637933731079 1.2192 0.0 -1.51844
45.537689208984375 1.2192 0.0 -1.51844
46.03831362724304 1.2192 0.0 -1.51844
46.53990125656128 1.2192 0.0 -1.51844
47.04170799255371 1.2192 0.0 -1.51844
47.543309688568115 1.2192 0.0 -1.51844
48.045305013656616 1.2192 0.0 -1.51844
48.54669189453125 1.2192 0.0 -1.51844
49.04851245880127 1.2192 0.0 -1.51844
49.549975872039795 1.2192 0.0 -1.51844
50.050870180130005 1.2192 0.0 -1.51844
50.55350351333618 1.2192 0.0 -1.51844
51.05605936050415 1.2192 0.0 -1.51844
51.56050252914429 1.2192 0.0 -1.51844
52.06122303009033 1.2192 0.0 -1.51844
52.562867641448975 1.2192 0.0 -1.51844
53.0645112991333 1.2192 0.0 -1.51844
53.56393909454346 1.2192 0.0 -1.51844
54.06511402130127 1.2192 0.0 -1.51844
54.56656289100647 1.2192 0.0 -1.51844
55.06811881065369 1.2192 0.0 -1.51844
55.57076358795166 1.2192 0.0 -1.51844
56.06977558135986 1.2192 0.0 -1.51844
56.571499824523926 1.2192 0.0 -1.51844
57.072604179382324 1.2192 0.0 -1.51844
57.57446765899658 1.2192 0.0 -1.51844
58.07597613334656 1.2192 0.0 -1.51844
58.577611684799194 1.2192 0.0 -1.51844
59.07705307006836 1.2192 0.0 -1.51844
59.57937932014465 1.2192 0.0 -1.51844
60.079795837402344 1.2192 0.0 -1.51844
60.581347703933716 1.2192 0.0 -1.51844
61.081504106521606 1.2192 0.0 -1.51844
61.58489990234375 1.2192 0.0 -1.51844
62.08473229408264 1.2192 0.0 -1.51844
